ARPAV Centro Meteorologico di Teolo;;;;;;;;;;;;;
;;;;;;;;;;;;;
Bollettino dei valori mensili pluriennali;;;;;;;;;;;;;
;;;;;;;;;;;;;
Stazione Volpago del Montello;;;;;;;;;;;;;
Coordinata X 1742010 Gauss-Boaga fuso;;;;;;;;;;;;;
Coordinata Y 5074899 Ovest (EPSG:3003);;;;;;;;;;;;;
Quota della stazione 122 m s.l.m.;;;;;;;;;;;;;
Parametro Precipitazione (mm) somma;;;;;;;;;;;;;
Valori dal 1 gennaio 1994 al 31 dicembre 2024;;;;;;;;;;;;;
;;;;;;;;;;;;;
Anno;GEN;FEB;MAR;APR;MAG;GIU;LUG;AGO;SET;OTT;NOV;DIC;Somma
;;;;;;;;;;;;;annuale
1994;70.4;44.4;5.8;157.4;59.4;37.8;81.2;47.2;181.2;85.4;83.2;31;884.4
1995;47.8;70.4;59.6;71.6;240.6;203;96.8;88.2;213.4;3;31.4;181.6;1307.4
1996;92.6;39.4;13.2;137.2;124.4;76;77.4;230.4;103.2;266.6;131.2;87.8;1379.4
1997;96.8;0.2;15.6;73.6;60.8;123.8;45.4;37.8;26.4;19;146.2;176.4;822
1998;46.2;16;11.6;197.4;57.8;123.2;94;17.8;149.6;211.4;21.8;6.2;953
1999;45.6;17.8;97;151.6;120.6;116.8;121.4;165.6;66.6;139.2;157.8;66.6;1266.6
2000;0.4;3.4;89.4;72.8;78.4;125.2;72.6;62.4;130.8;186;285.2;59.6;1166.2
2001;110.6;7;191;87;93.4;102;139.6;104.8;143.8;31.4;78.6;0.4;1089.6
2002;33.4;91.8;15.6;177.8;192.4;137.6;122;131.8;142.2;128.6;169.2;72.6;1415
2003;88.2;13.4;1.4;154.2;35.6;88.4;45;42.8;49.6;86.2;180.4;135.2;920.4
2004;30.4;200.6;93;66.6;196.4;164.6;57.4;154.2;124.4;181.4;97.6;91.4;1458
2005;0;0;19.4;151.8;83.4;74.8;105;106.4;189.4;192.8;155.2;58.4;1136.6
2006;47.4;44.6;50.6;130.2;115.8;46;34.4;157.8;186.8;22.8;28.6;114;979
2007;72.6;42.6;107.4;4.2;171.4;86.2;35;160.6;106;59.2;62;12;919.2
2008;131.8;51;83;144;176.4;159.8;61.2;74.8;121;99.8;194;256;1552.8
2009;111.4;72.8;195.6;125.8;76.8;157;88.4;50.6;238;55.2;155;135.8;1462.4
2010;79.4;143.2;79.8;42.2;183.4;164.8;111;65.2;200.2;158.4;313.2;209.4;1750.2
2011;33.6;62.4;166.4;13.8;68.6;189.6;128.6;17;67.8;135;142.8;40.6;1066.2
2012;13;25.8;8.2;156;164.6;53.8;85.4;53;104.2;150.2;302.6;52.2;1169
2013;107;112.6;252.4;114.4;244.6;86.4;26.2;95.2;43.8;69.6;192.4;61.6;1406.2
2014;323.8;160.8;100.8;85.8;154;122.6;242.8;139;111;55.6;197.2;99;1792.4
2015;28.8;48.8;100.8;64.2;57;118.2;33.4;108.4;120;93.4;9;0;782
2016;41;241.6;94.4;83.8;176.2;200.2;35;141.6;68.4;114.4;145.2;0;1341.8
2017;21.4;83.4;14.4;129.6;100.6;134.2;65.4;39;128;30.6;179.6;92.4;1018.6
2018;63.4;49.8;130.6;58.2;154.6;68.6;177.4;122.4;54.6;202.6;127.6;13.4;1223.2
2019;16;89.2;23.6;264.6;333;44.8;91.4;93.6;79.8;41.4;278.2;105.2;1460.8
2020;8;6.8;115;27.8;52.2;282.8;97.8;205.6;85.2;153.2;16.2;202;1252.6
2021;126.6;36.6;12.2;158.8;251.8;59.6;62.4;113.2;26.6;23.2;184;53.6;1108.6
2022;36;38.2;5.4;67.4;51.2;24.6;42.2;60.8;129.4;12.6;129.8;122.2;719.8
2023;77.4;1.4;34;76.2;149.6;139.2;163.6;196.8;77.8;161.8;111;53.6;1242.4
2024;121.6;200.4;177.6;58.6;312.8;198.4;119.4;87.4;244.8;227.6;7.2;67;1822.8
Medio mensile;68.5;65;76.3;106.6;139.9;119.7;89;102.3;119.8;109.6;139.1;85.7;1221.6
;;;;;;;;;;;;;
Si segnala che con precipitazione nevosa il pluviometro potrebbe non rilevare o sottostimare il fenomeno.;;;;;;;;;;;;;
Il valore mensile è la somma valori giornalieri.;;;;;;;;;;;;;
Il valore somma annuale è la somma dei valori mensili.;;;;;;;;;;;;;
Il valore medio mensile è il valore medio dei valori mensili degli anni.;;;;;;;;;;;;;
Con valore >> il dato non è disponibile;;;;;;;;;;;;;
;;;;;;;;;;;;;
;;;;;;;;;;;;;
Tabella dei giorni assenti;;;;;;;;;;;;;
;;;;;;;;;;;;;
Anno;GEN;FEB;MAR;APR;MAG;GIU;LUG;AGO;SET;OTT;NOV;DIC;
1994;0;0;0;0;0;0;0;0;0;0;0;0;
1995;0;0;0;0;0;0;0;0;0;0;0;0;
1996;0;0;0;0;0;0;0;0;0;0;0;0;
1997;0;0;0;0;0;0;0;0;0;0;0;0;
1998;0;0;0;0;0;0;0;0;0;0;0;0;
1999;0;0;0;0;0;0;0;0;0;0;0;0;
2000;0;0;0;0;0;0;0;0;0;0;0;0;
2001;0;0;0;0;0;0;0;0;0;0;0;1;
2002;1;0;0;0;0;0;0;0;0;0;0;0;
2003;2;0;0;0;0;0;0;0;0;0;0;0;
2004;1;3;0;0;0;0;0;0;0;0;0;0;
2005;2;4;0;0;0;0;0;0;0;0;0;0;
2006;1;0;0;0;0;0;0;0;0;0;0;0;
2007;0;0;0;0;0;0;0;0;0;0;0;0;
2008;0;0;0;0;0;0;0;0;0;0;0;0;
2009;0;1;0;0;0;5;0;0;0;0;0;4;
2010;0;0;0;0;0;0;0;1;0;0;0;0;
2011;0;0;0;0;0;0;0;0;0;0;0;0;
2012;0;0;0;0;0;0;0;0;0;0;0;0;
2013;0;0;0;0;0;0;0;0;0;0;0;0;
2014;0;3;0;0;0;0;0;0;0;0;0;0;
2015;0;0;0;0;0;0;0;0;0;0;0;0;
2016;0;0;0;0;0;0;0;0;0;0;0;0;
2017;0;0;0;0;0;0;0;0;0;0;0;0;
2018;0;0;0;0;0;0;0;0;0;0;0;0;
2019;0;0;0;0;0;0;0;0;0;0;0;0;
2020;0;0;0;0;0;0;1;0;0;0;0;0;
2021;0;0;0;0;0;0;0;0;0;0;0;0;
2022;0;0;0;0;0;0;0;0;0;0;0;0;
2023;0;0;0;0;0;0;0;0;0;0;0;0;
2024;0;0;0;0;0;0;0;0;0;0;0;0;
;;;;;;;;;;;;;
Bollettino elaborato il 5 marzo 2025;;;;;;;;;;;;;
;;;;;;;;;;;;;
;;;;;;;;;;;;;
;;;;;;;;;;;;;
ARPAV Centro Meteorologico di Teolo;;;;;;;;;;;;;
;;;;;;;;;;;;;
Bollettino dei giorni piovosi pluriennali;;;;;;;;;;;;;
;;;;;;;;;;;;;
Stazione Volpago del Montello;;;;;;;;;;;;;
Coordinata X 1742010 Gauss-Boaga fuso;;;;;;;;;;;;;
Coordinata Y 5074899 Ovest (EPSG:3003);;;;;;;;;;;;;
Quota della stazione 122 m s.l.m.;;;;;;;;;;;;;
Parametro Precipitazione (giorni piovosi);;;;;;;;;;;;;
Valori dal 1 gennaio 1994 al 31 dicembre 2024;;;;;;;;;;;;;
;;;;;;;;;;;;;
Anno;GEN;FEB;MAR;APR;MAG;GIU;LUG;AGO;SET;OTT;NOV;DIC;Somma
;;;;;;;;;;;;;annuale
1994;5;5;1;11;9;7;5;5;12;7;4;5;76
1995;5;11;7;9;13;14;7;10;14;1;5;11;107
1996;8;6;2;12;12;7;9;13;10;11;13;10;113
1997;10;0;5;5;7;10;5;6;3;3;9;8;71
1998;7;2;1;19;12;10;6;2;10;11;2;2;84
1999;3;3;8;13;10;11;11;9;5;8;9;6;96
2000;0;2;6;6;8;9;10;7;8;16;16;10;98
2001;13;2;16;9;10;6;12;9;13;4;6;0;100
2002;1;6;4;12;12;7;10;8;11;7;14;6;98
2003;6;1;1;6;6;6;7;5;9;8;8;9;72
2004;4;6;6;12;12;10;7;11;5;12;9;8;102
2005;0;0;4;11;5;8;8;12;7;9;6;8;78
2006;4;9;7;8;6;6;6;14;4;5;4;7;80
2007;5;7;8;2;10;8;6;10;8;6;4;4;78
2008;8;4;9;14;16;11;8;7;10;4;11;13;115
2009;11;5;8;13;7;10;7;3;5;6;11;9;95
2010;8;9;9;8;14;9;7;5;11;8;14;13;115
2011;6;4;9;5;6;14;15;3;6;6;5;5;84
2012;2;2;2;18;10;5;7;4;9;9;10;5;83
2013;11;7;20;14;19;5;5;6;5;11;11;4;118
2014;16;16;6;8;11;9;14;15;12;6;15;6;134
2015;5;4;7;7;11;11;6;9;7;11;2;0;80
2016;6;14;7;6;16;14;6;8;6;8;9;0;100
2017;2;6;4;9;12;9;8;4;13;2;8;6;83
2018;3;7;17;8;10;7;12;6;4;7;10;3;94
2019;5;4;3;10;17;4;11;8;8;6;18;8;102
2020;2;2;8;4;10;13;5;12;9;10;2;13;90
2021;9;3;3;6;16;7;7;9;5;5;12;5;87
2022;2;2;1;8;6;6;6;10;12;2;9;9;73
2023;9;1;3;8;11;11;14;7;6;10;8;4;92
2024;7;9;16;8;14;12;10;6;12;16;2;5;117
Medio mensile;6;5;7;9;11;9;8;8;8;8;9;7;94
;;;;;;;;;;;;;
Si segnala che con precipitazione nevosa il pluviometro potrebbe non rilevare o sottostimare il fenomeno.;;;;;;;;;;;;;
Si considera giorno piovoso quando il valore di pioggia giornaliero è >= 1 mm;;;;;;;;;;;;;
Il valore somma annuale è la somma dei valori mensili.;;;;;;;;;;;;;
Il valore medio mensile è il valore medio dei valori mensili degli anni.;;;;;;;;;;;;;
Con valore >> il dato non è disponibile;;;;;;;;;;;;;
;;;;;;;;;;;;;
;;;;;;;;;;;;;
Tabella dei giorni assenti;;;;;;;;;;;;;
;;;;;;;;;;;;;
Anno;GEN;FEB;MAR;APR;MAG;GIU;LUG;AGO;SET;OTT;NOV;DIC;
1994;0;0;0;0;0;0;0;0;0;0;0;0;
1995;0;0;0;0;0;0;0;0;0;0;0;0;
1996;0;0;0;0;0;0;0;0;0;0;0;0;
1997;0;0;0;0;0;0;0;0;0;0;0;0;
1998;0;0;0;0;0;0;0;0;0;0;0;0;
1999;0;0;0;0;0;0;0;0;0;0;0;0;
2000;0;0;0;0;0;0;0;0;0;0;0;0;
2001;0;0;0;0;0;0;0;0;0;0;0;1;
2002;1;0;0;0;0;0;0;0;0;0;0;0;
2003;2;0;0;0;0;0;0;0;0;0;0;0;
2004;1;3;0;0;0;0;0;0;0;0;0;0;
2005;2;4;0;0;0;0;0;0;0;0;0;0;
2006;1;0;0;0;0;0;0;0;0;0;0;0;
2007;0;0;0;0;0;0;0;0;0;0;0;0;
2008;0;0;0;0;0;0;0;0;0;0;0;0;
2009;0;1;0;0;0;5;0;0;0;0;0;4;
2010;0;0;0;0;0;0;0;1;0;0;0;0;
2011;0;0;0;0;0;0;0;0;0;0;0;0;
2012;0;0;0;0;0;0;0;0;0;0;0;0;
2013;0;0;0;0;0;0;0;0;0;0;0;0;
2014;0;3;0;0;0;0;0;0;0;0;0;0;
2015;0;0;0;0;0;0;0;0;0;0;0;0;
2016;0;0;0;0;0;0;0;0;0;0;0;0;
2017;0;0;0;0;0;0;0;0;0;0;0;0;
2018;0;0;0;0;0;0;0;0;0;0;0;0;
2019;0;0;0;0;0;0;0;0;0;0;0;0;
2020;0;0;0;0;0;0;1;0;0;0;0;0;
2021;0;0;0;0;0;0;0;0;0;0;0;0;
2022;0;0;0;0;0;0;0;0;0;0;0;0;
2023;0;0;0;0;0;0;0;0;0;0;0;0;
2024;0;0;0;0;0;0;0;0;0;0;0;0;
;;;;;;;;;;;;;
Bollettino elaborato il 5 marzo 2025;;;;;;;;;;;;;
;;;;;;;;;;;;;
;;;;;;;;;;;;;
;;;;;;;;;;;;;
ARPAV Centro Meteorologico di Teolo;;;;;;;;;;;;;
;;;;;;;;;;;;;
Bollettino dei valori mensili pluriennali;;;;;;;;;;;;;
;;;;;;;;;;;;;
Stazione Volpago del Montello;;;;;;;;;;;;;
Coordinata X 1742010 Gauss-Boaga fuso;;;;;;;;;;;;;
Coordinata Y 5074899 Ovest (EPSG:3003);;;;;;;;;;;;;
Quota della stazione 122 m s.l.m.;;;;;;;;;;;;;
Parametro Radiazione solare globale (MJ/m2);;;;;;;;;;;;;
Valori dal 1 gennaio 1994 al 31 dicembre 2024;;;;;;;;;;;;;
;;;;;;;;;;;;;
Anno;GEN;FEB;MAR;APR;MAG;GIU;LUG;AGO;SET;OTT;NOV;DIC;Somma
;;;;;;;;;;;;;annuale
1994;169.599;218.79;409.558;473.383;602.968;651.97;788.834;697.37;422.342;356.778;158.328;130.25;5080.17
1995;208.058;192.073;458.535;461.829;558.986;633.619;788.445;635.941;457.731;383.525;190.448;93.31;5062.5
1996;137.856;270.484;399.817;470.691;638.891;731.855;715.344;639.23;447.615;257.92;146.291;122.951;4978.945
1997;185.779;263.392;482.653;604.97;683.437;557.053;775.718;620.069;543.636;310.047;150.885;115.439;5293.078
1998;154.123;300.119;480.08;405.372;675.931;693.943;749.146;678.617;438.596;283.902;211.635;157.123;5228.587
1999;186.827;279.534;391.922;494.269;545.355;727.343;709.131;573.107;457.581;278.084;180.162;136.601;4959.916
2000;218.049;260.964;417.986;497.539;683.286;770.96;724.343;685.094;474.783;231.329;136.921;121.922;5223.176
2001;126.798;264.196;300.508;541.483;698.047;714.377;718.463;689.286;435.188;309.959;208.491;200.665;5207.461
2002;189.469;184.843;457.198;480.952;574.249;701.248;739.939;638.182;459.112;305.617;124.407;116.091;4971.307
2003;193.937;355.045;471.093;495.851;758.333;774.588;774.299;687.987;510.932;301.211;164.911;167.039;5655.226
2004;164.296;178.417;383.896;478.184;673.377;713.568;747.658;690.303;502.045;211.503;199.887;169.775;5112.909
2005;204.173;292.123;457.794;499.786;729.774;756.645;772.216;577.557;462.313;268.388;178.235;156.332;5355.336
2006;204.587;225.555;363.904;491.276;633.256;785.257;828.335;622.548;490.837;306.884;190.184;145.412;5288.035
2007;134.467;229.699;348.594;594.37;632.772;609.702;741.432;567.409;452.56;279.402;188.816;162.483;4941.706
2008;118.846;225.009;318.275;435.377;601.543;611.384;685.57;636.701;413.675;286.789;151.18;126.534;4610.883
2009;136.645;244.276;368.143;445.28;659.319;659.963;737.843;656.244;455.623;313.461;117.955;114.378;4909.13
2010;138.763;178.794;347.627;561.026;557.272;633.035;694.683;577.657;406.859;280.72;108.19;105.234;4589.86
2011;133.57;244.194;409.972;584.824;781.605;657.092;730.148;699.83;485.035;333.525;184.436;117.033;5361.264
2012;182.754;248.205;450.897;426.603;668.933;649.541;709.149;644.232;396.905;258.811;136.632;116.738;4889.4
2013;120.842;210.788;276.66;427.136;529.101;680.253;733.123;625.417;442.657;213.311;154.236;129.145;4542.669
2014;98.192;164.321;412.884;457.518;635.452;663.317;618.086;522.906;385.822;289.6;124.344;115.112;4487.554
2015;152.793;210.393;391.201;525.392;566.536;671.607;754.39;601.493;435.352;260.336;178.743;144.502;4892.738
2016;153.119;160.524;364.164;491.351;577.927;647.144;696.896;644.922;449.861;268.319;140.209;163.964;4758.4
2017;200.36;170.949;445.851;517.854;641.464;713.781;769.304;686.255;389.732;306.319;166.894;131.781;5140.544
2018;140.592;199.736;316.474;571.061;621.261;713.85;735.991;661.296;506.953;290.536;147.069;153.194;5058.013
2019;173.817;271.319;474.042;428.643;451.236;767.653;721.281;641.087;438.828;280.814;115.42;135.952;4900.092
2020;198.794;257.943;394.201;625.555;681.153;637.959;699.196;622.36;488.897;273.766;217.409;92.186;5189.419
2021;142.764;237.385;485.452;530.142;621.613;763.699;695.506;679.891;493.638;327.212;159.785;138.992;5276.079
2022;198.481;267.221;473.603;533.622;664.722;708.321;801.411;677.5;478.63;342.324;189.946;106.006;5441.787
2023;140.26;236.281;407.399;526.948;567.333;714.578;725.63;614.425;497.237;294.081;210.15;137.486;5071.808
2024;189.908;205.844;298.387;503.587;537.847;627.392;778.88;685.964;384.095;218.993;235.211;168.645;4834.753
Medio mensile;164.468;233.82;401.896;502.641;627.515;688.474;737.432;641.319;455.002;287.854;166.691;135.235;5042.347
;;;;;;;;;;;;;
Il valore mensile è la somma dei valori giornalieri.;;;;;;;;;;;;;
Il valore somma annuale è la somma dei valori mensili.;;;;;;;;;;;;;
Il valore medio mensile è il valore medio dei valori mensili degli anni.;;;;;;;;;;;;;
Con valore >> il dato non è disponibile;;;;;;;;;;;;;
;;;;;;;;;;;;;
;;;;;;;;;;;;;
Tabella dei giorni assenti;;;;;;;;;;;;;
;;;;;;;;;;;;;
Anno;GEN;FEB;MAR;APR;MAG;GIU;LUG;AGO;SET;OTT;NOV;DIC;
1994;0;0;0;0;0;0;0;0;0;0;0;0;
1995;0;0;0;0;0;0;0;0;0;0;0;0;
1996;0;0;0;0;0;0;0;0;0;0;0;0;
1997;0;0;0;0;0;0;0;0;0;0;0;0;
1998;0;0;0;0;0;0;0;0;0;0;0;0;
1999;0;0;0;0;0;0;0;0;0;0;0;0;
2000;0;0;0;0;0;0;0;0;0;0;0;0;
2001;0;0;0;0;0;0;0;0;0;0;0;0;
2002;0;0;0;0;0;0;0;0;0;0;0;0;
2003;0;0;0;0;0;0;0;0;0;0;0;0;
2004;0;0;0;0;0;0;0;0;0;0;0;0;
2005;0;0;0;0;0;0;0;0;0;0;0;0;
2006;0;0;0;0;0;0;0;0;0;0;0;0;
2007;0;0;0;0;0;0;0;0;0;0;0;0;
2008;0;0;0;0;0;0;0;0;0;0;0;0;
2009;0;0;0;0;0;0;0;0;0;0;0;0;
2010;0;0;0;0;0;0;0;0;0;0;0;0;
2011;0;0;0;0;0;0;0;0;0;0;0;0;
2012;0;0;0;0;0;0;0;0;0;0;0;0;
2013;0;0;0;0;0;0;0;0;0;0;0;0;
2014;0;0;0;0;0;0;0;0;0;0;0;0;
2015;0;0;0;0;0;0;0;0;0;0;0;0;
2016;0;0;0;0;0;0;0;0;0;0;0;0;
2017;0;4;0;0;0;0;0;0;0;0;0;0;
2018;0;0;0;0;0;0;0;0;0;0;0;0;
2019;0;0;0;0;0;0;0;0;0;0;0;0;
2020;0;0;0;0;0;0;2;0;0;0;0;0;
2021;0;0;0;0;0;0;0;0;0;0;0;0;
2022;0;0;0;0;0;0;0;0;0;0;0;0;
2023;0;0;0;0;0;0;0;0;0;0;0;0;
2024;0;0;0;0;0;0;0;0;0;0;0;0;
;;;;;;;;;;;;;
Bollettino elaborato il 5 marzo 2025;;;;;;;;;;;;;
;;;;;;;;;;;;;
;;;;;;;;;;;;;
;;;;;;;;;;;;;
ARPAV Centro Meteorologico di Teolo;;;;;;;;;;;;;
;;;;;;;;;;;;;
Bollettino dei valori minimi mensili pluriennali;;;;;;;;;;;;;
;;;;;;;;;;;;;
Stazione Volpago del Montello;;;;;;;;;;;;;
Coordinata X 1742010 Gauss-Boaga fuso;;;;;;;;;;;;;
Coordinata Y 5074899 Ovest (EPSG:3003);;;;;;;;;;;;;
Quota della stazione 122 m s.l.m.;;;;;;;;;;;;;
Parametro Temperatura aria a 2m (°C) media delle minime;;;;;;;;;;;;;
Valori dal 1 gennaio 1994 al 31 dicembre 2024;;;;;;;;;;;;;
;;;;;;;;;;;;;
Anno;GEN;FEB;MAR;APR;MAG;GIU;LUG;AGO;SET;OTT;NOV;DIC;Medio
;;;;;;;;;;;;;annuale
1994;0.6;-0.7;4.9;5.1;10.3;13.8;18.2;17.6;12.7;7;5.1;0.1;7.9
1995;-2.2;1;1.5;4.9;9.7;12.1;17.2;14.8;10.4;8.8;2.2;1;6.8
1996;0.8;-2;1.5;8.2;11.8;15.9;16.3;16.7;11.6;10.1;6.4;1;8.2
1997;2.2;1.1;5.2;4.7;12.1;15.6;16.5;17.6;14.6;9;5.7;2.8;8.9
1998;0.9;2.6;2.5;7.2;11.9;15.7;17.5;18.5;13;9;2.4;-0.7;8.4
1999;-0.1;-1.3;4.1;7.6;13.4;15.2;17.2;17.6;15.2;9.9;3.7;-0.6;8.5
2000;-2.2;0.7;3.5;9.3;13.5;16;15.4;17.9;13.9;10.8;6.5;2.9;9
2001;2;1.8;6.1;6.1;13.9;13.5;17;18;11.1;11.9;3.3;-2.2;8.5
2002;-1.8;2;4.8;7;12.3;16.6;17.5;16.9;13.1;10;7.5;2.8;9.1
2003;-0.3;-2.5;3.5;6.7;13.4;18.6;18.2;20.5;12.6;7.3;6.6;1.6;8.8
2004;-1.2;-0.2;3.4;7.5;10;15;16.9;17.3;13.5;12.3;5.2;2.3;8.5
2005;-1.3;-1.6;2.8;6.6;12.5;16.1;17.3;15.9;14.6;10.3;4.4;-0.2;8.1
2006;-1.1;0.5;2.9;7.7;11.8;15.7;19.6;15.2;15.2;11.4;5.8;2.6;8.9
2007;2.6;3.6;5.8;10.4;13.4;17;17.4;17.1;12.1;9;4.1;0.6;9.4
2008;2.7;1.2;4.1;7.4;13.1;16.7;17.5;17.8;13.3;10.3;5.5;1.8;9.3
2009;0.5;1;4.1;9.6;14;15.3;17.5;19;15.8;9.4;6.7;0.8;9.5
2010;-0.6;1.6;3.8;8.3;12.1;16.2;18.3;17;13.3;8.7;6.4;0.2;8.8
2011;-0.2;2.2;4.7;9.6;12.8;16.4;16.6;18.7;16.8;8.8;5;2;9.4
2012;-0.9;-2.2;6.5;7.6;11.8;16.8;18.7;19.2;14.8;10.8;7.1;0.5;9.2
2013;1.8;0.6;4;9.1;10.9;15;18.9;17.9;14.1;11.6;6.4;2.8;9.4
2014;3.8;4.8;6.2;9.3;11.1;15.5;16.8;16.3;14;12;9.3;3.4;10.2
2015;1.6;2.4;4.8;7;13.3;16.5;20.4;19.4;14.5;10.3;4.9;1.4;9.7
2016;0;4.1;5.2;9.2;11.3;15.7;18.4;16.7;15.7;9.6;5.9;1;9.4
2017;-2.7;3.3;5.7;7.9;12.5;16.8;17.5;18.6;13.2;9.3;4.5;0.2;8.9
2018;2.6;0.4;3.5;10.5;14.6;16.5;18.3;19.7;15.1;11.7;7.6;0.5;10.1
2019;-1;2.4;4.4;8.7;10.3;18.7;18.3;19.2;14.7;11.9;7.4;3.4;9.9
2020;1.1;2.9;4.5;8;12.1;15.7;17.8;18.4;15.5;9.4;5.4;3.1;9.5
2021;0;3.7;3;6.4;10.3;17.2;18.5;17.3;15.3;9;6.4;1.1;9
2022;-0.2;1.7;3;5.7;14;17.8;20.1;19.3;14.2;12.9;6.9;3.4;9.9
2023;2.6;2;5.6;6.5;13.3;16.5;18.4;19;16.8;12.7;4.8;2.8;10.1
2024;1.1;5.7;7.3;8.6;12.9;16.8;19.8;20.7;15;12.6;4.4;1.8;10.6
Medio mensile;0.4;1.4;4.3;7.7;12.3;16;17.9;17.9;14.1;10.3;5.6;1.4;9.1
;;;;;;;;;;;;;
Il valore mensile è il valore medio delle minime giornaliere del mese.;;;;;;;;;;;;;
Il valore medio mensile è il valore medio dei valori mensili.;;;;;;;;;;;;;
Il valore medio annuale è il valore medio dei valori mensili dell'anno.;;;;;;;;;;;;;
Con valore >> il dato non è disponibile;;;;;;;;;;;;;
;;;;;;;;;;;;;
;;;;;;;;;;;;;
Tabella dei giorni assenti;;;;;;;;;;;;;
;;;;;;;;;;;;;
Anno;GEN;FEB;MAR;APR;MAG;GIU;LUG;AGO;SET;OTT;NOV;DIC;
1994;0;0;0;0;0;0;0;0;0;0;0;0;
1995;0;0;0;0;0;0;0;0;0;0;0;0;
1996;0;0;0;0;0;0;0;0;0;0;0;0;
1997;0;2;0;0;0;0;0;0;0;0;0;0;
1998;0;0;0;0;0;0;0;0;0;0;0;0;
1999;0;0;0;0;0;0;0;0;0;0;0;0;
2000;0;0;0;0;0;0;0;0;0;0;0;0;
2001;0;0;0;0;0;0;0;0;0;0;0;0;
2002;0;0;0;0;0;0;0;0;0;0;0;0;
2003;0;0;0;0;0;0;0;0;0;0;0;0;
2004;0;0;0;0;0;0;0;0;0;0;0;0;
2005;0;0;0;0;0;0;0;0;0;0;0;0;
2006;0;0;0;0;0;0;0;0;0;0;0;0;
2007;0;0;0;0;0;0;0;0;0;0;0;0;
2008;0;0;0;0;0;0;0;0;0;0;0;0;
2009;0;0;0;0;0;0;0;0;0;0;0;0;
2010;0;0;0;0;0;0;0;0;0;0;0;0;
2011;0;3;0;0;0;0;0;0;0;0;0;0;
2012;0;0;0;0;0;0;0;0;0;0;0;0;
2013;0;0;0;0;0;0;0;0;0;0;0;0;
2014;0;0;0;0;0;0;0;0;0;0;0;0;
2015;0;0;0;0;0;0;0;0;0;0;0;0;
2016;0;0;0;0;0;0;0;0;0;0;0;0;
2017;0;0;0;0;0;0;0;0;0;0;0;0;
2018;0;0;0;0;0;0;0;0;0;0;0;0;
2019;0;0;0;0;0;0;0;0;0;0;0;0;
2020;0;0;0;0;0;0;2;0;0;0;0;0;
2021;0;0;0;0;0;0;0;0;0;0;0;0;
2022;0;0;0;0;0;0;0;0;0;0;0;0;
2023;0;0;0;0;0;0;0;0;0;0;0;0;
2024;0;0;0;0;0;0;0;0;0;0;0;0;
;;;;;;;;;;;;;
Bollettino elaborato il 5 marzo 2025;;;;;;;;;;;;;
;;;;;;;;;;;;;
;;;;;;;;;;;;;
;;;;;;;;;;;;;
ARPAV Centro Meteorologico di Teolo;;;;;;;;;;;;;
;;;;;;;;;;;;;
Bollettino dei valori medi mensili pluriennali;;;;;;;;;;;;;
;;;;;;;;;;;;;
Stazione Volpago del Montello;;;;;;;;;;;;;
Coordinata X 1742010 Gauss-Boaga fuso;;;;;;;;;;;;;
Coordinata Y 5074899 Ovest (EPSG:3003);;;;;;;;;;;;;
Quota della stazione 122 m s.l.m.;;;;;;;;;;;;;
Parametro Temperatura aria a 2m (°C) media delle medie;;;;;;;;;;;;;
Valori dal 1 gennaio 1994 al 31 dicembre 2024;;;;;;;;;;;;;
;;;;;;;;;;;;;
Anno;GEN;FEB;MAR;APR;MAG;GIU;LUG;AGO;SET;OTT;NOV;DIC;Medio
;;;;;;;;;;;;;annuale
1994;4.3;2.8;9.4;9.8;15;18.9;23.7;23;16.9;11.2;8.4;3.3;12.2
1995;1.6;4.6;6.1;9.9;14.4;16.7;22.8;19.8;14.7;13.2;6;3.7;11.1
1996;3.5;1.9;5.6;12.7;16.8;21.5;21.4;21.6;15.9;13.3;9.3;4.2;12.3
1997;5.6;5.6;10.6;10.7;17.6;20.1;22.2;22.6;19.8;13;8.9;5.7;13.5
1998;4.2;7.4;7.7;11;17.1;21;23.1;24.1;17.4;12.7;6.3;3;12.9
1999;3.8;3.2;8.4;12.4;17.8;20.6;23;22.1;19.9;13.5;6.8;2.7;12.8
2000;1.6;5;8;13.9;18.4;22;21.1;23.6;18.8;14.3;9.6;6;13.5
2001;4.9;6;9.6;11.1;19.3;19.8;22.8;24.1;15.8;15.7;7.1;1.7;13.2
2002;2.2;5.4;10.1;11.9;17.1;22.1;22.7;21.9;17.4;13.6;10.5;5.7;13.4
2003;3.1;2.3;8.7;11.3;19.5;24.6;24.4;26.5;17.7;11.2;9.4;5.2;13.7
2004;2;3;7.1;12;14.8;20.3;22.5;22.6;18.3;15;9;6.1;12.7
2005;2.5;2.5;7.5;11.4;17.7;21.9;23.1;20.6;18.9;13.5;7.4;3.5;12.5
2006;2.5;4.1;6.8;12.7;16.8;21.7;25.9;19.9;19.9;15.4;9.5;6.2;13.4
2007;5.8;7.3;10.3;16.2;18.8;21.9;23.9;22.3;17.3;13.2;8;4.3;14.1
2008;5.6;5;8.2;12.1;17.9;21.6;23.2;23.3;17.5;14.6;8.9;5;13.6
2009;3.8;4.8;8.7;14.5;19.6;20.5;23.4;24.5;20.4;13.7;9.4;4.3;14
2010;2.2;4.8;7.8;13.6;16.7;21.2;24.2;22.1;17.6;12.5;9.3;3.2;12.9
2011;2.9;5.8;8.9;15.2;19.1;21.2;22;24.5;21.8;13.4;9;5.5;14.1
2012;3.3;2.4;12.1;12;17.3;22.4;24.8;25.2;19.5;14.4;10.5;3.9;14
2013;4.7;4.3;7.4;13.2;15.4;20.7;24.8;23.5;18.8;14.6;9.8;6.3;13.6
2014;6.6;8;11;14.3;16.6;21.3;21.6;20.8;18.4;15.9;11.8;6.4;14.4
2015;5.3;6.1;9.5;12.9;18.1;22;26.4;24.5;19.1;13.9;8.6;5.1;14.3
2016;3.6;7.3;9.4;13.8;16.3;21;24.3;22.6;20.6;13.2;9;5.1;13.8
2017;1.4;6.5;11.3;13.3;17.7;22.7;23.7;24.8;17.1;13.7;8.3;3.8;13.7
2018;6.1;3.6;7.1;15.9;19.6;22.3;24;25;20.3;15.7;10.5;4.3;14.5
2019;3;7.1;10.1;12.9;14.1;24.4;24;24.3;19.3;15.3;10.4;6.6;14.3
2020;5.1;7.5;9;14.2;17.5;20.2;23.2;23.8;20;13.1;9.2;6;14.1
2021;3.5;7.4;8.6;11.2;15;23.2;24.2;23;20.1;13.4;9.5;4.7;13.6
2022;3.9;6.5;8.4;11.4;19.6;24.2;26.5;25;18.8;17.2;10.5;6.1;14.8
2023;5.9;5.8;10.3;11.6;17.6;22.1;24;24;21.5;16.7;8.9;6.4;14.6
2024;4.7;9;10.9;13.9;17.3;21.7;25.4;26;19.1;15.4;8.7;5.7;14.8
Medio mensile;3.8;5.3;8.9;12.7;17.3;21.5;23.6;23.3;18.7;14;9;4.8;13.6
;;;;;;;;;;;;;
Il valore mensile è il valore medio delle medie giornaliere del mese.;;;;;;;;;;;;;
Il valore medio mensile è il valore medio dei valori mensili.;;;;;;;;;;;;;
Il valore medio annuale è il valore medio dei valori mensili dell'anno.;;;;;;;;;;;;;
Con valore >> il dato non è disponibile;;;;;;;;;;;;;
;;;;;;;;;;;;;
;;;;;;;;;;;;;
Tabella dei giorni assenti;;;;;;;;;;;;;
;;;;;;;;;;;;;
Anno;GEN;FEB;MAR;APR;MAG;GIU;LUG;AGO;SET;OTT;NOV;DIC;
1994;0;0;0;0;0;0;0;0;0;0;0;0;
1995;0;0;0;0;0;0;0;0;0;0;0;0;
1996;0;0;0;0;0;0;0;0;0;0;0;0;
1997;0;2;0;0;0;0;0;0;0;0;0;0;
1998;0;0;0;0;0;0;0;0;0;0;0;0;
1999;0;0;0;0;0;0;0;0;0;0;0;0;
2000;0;0;0;0;0;0;0;0;0;0;0;0;
2001;0;0;0;0;0;0;0;0;0;0;0;0;
2002;0;0;0;0;0;0;0;0;0;0;0;0;
2003;0;0;0;0;0;0;0;0;0;0;0;0;
2004;0;0;0;0;0;0;0;0;0;0;0;0;
2005;0;0;0;0;0;0;0;0;0;0;0;0;
2006;0;0;0;0;0;0;0;0;0;0;0;0;
2007;0;0;0;0;0;0;0;0;0;0;0;0;
2008;0;0;0;0;0;0;0;0;0;0;0;0;
2009;0;0;0;0;0;0;0;0;0;0;0;0;
2010;0;0;0;0;0;0;0;0;0;0;0;0;
2011;0;3;0;0;0;0;0;0;0;0;0;0;
2012;0;0;0;0;0;0;0;0;0;0;0;0;
2013;0;0;0;0;0;0;0;0;0;0;0;0;
2014;0;0;0;0;0;0;0;0;0;0;0;0;
2015;0;0;0;0;0;0;0;0;0;0;0;0;
2016;0;0;0;0;0;0;0;0;0;0;0;0;
2017;0;0;0;0;0;0;0;0;0;0;0;0;
2018;0;0;0;0;0;0;0;0;0;0;0;0;
2019;0;0;0;0;0;0;0;0;0;0;0;0;
2020;0;0;0;0;0;0;2;0;0;0;0;0;
2021;0;0;0;0;0;0;0;0;0;0;0;0;
2022;0;0;0;0;0;0;0;0;0;0;0;0;
2023;0;0;0;0;0;0;0;0;0;0;0;0;
2024;0;0;0;0;0;0;0;0;0;0;0;0;
;;;;;;;;;;;;;
Bollettino elaborato il 5 marzo 2025;;;;;;;;;;;;;
;;;;;;;;;;;;;
;;;;;;;;;;;;;
;;;;;;;;;;;;;
ARPAV Centro Meteorologico di Teolo;;;;;;;;;;;;;
;;;;;;;;;;;;;
Bollettino dei valori massimi mensili pluriennali;;;;;;;;;;;;;
;;;;;;;;;;;;;
Stazione Volpago del Montello;;;;;;;;;;;;;
Coordinata X 1742010 Gauss-Boaga fuso;;;;;;;;;;;;;
Coordinata Y 5074899 Ovest (EPSG:3003);;;;;;;;;;;;;
Quota della stazione 122 m s.l.m.;;;;;;;;;;;;;
Parametro Temperatura aria a 2m (°C) media delle massime;;;;;;;;;;;;;
Valori dal 1 gennaio 1994 al 31 dicembre 2024;;;;;;;;;;;;;
;;;;;;;;;;;;;
Anno;GEN;FEB;MAR;APR;MAG;GIU;LUG;AGO;SET;OTT;NOV;DIC;Medio
;;;;;;;;;;;;;annuale
1994;7.9;6.5;14.4;14.3;20.1;24.6;30.1;29.4;22.5;16.6;12.5;7;17.2
1995;6.2;8.5;10.8;15.4;19.6;22.3;29.3;25.9;20.4;19.7;10.4;6.7;16.3
1996;6.3;6;10;17.8;22.4;27.8;27.2;27.3;21.3;17.5;12.8;7.6;17
1997;9.5;10.7;16.5;17;23.2;24.9;28.4;28.4;26.6;18.3;12.6;8.9;18.8
1998;7.8;13.1;13.3;15.5;22.8;26.9;29.4;30.8;23;17.5;10.8;7.3;18.2
1999;8.5;8.1;13;17.3;22.8;26.9;29.5;27.9;26.5;18.6;11.3;6.8;18.1
2000;6.5;10;13;19;24.6;28.7;27.8;31;25.4;18.8;13.2;9.3;18.9
2001;7.9;10.6;13.2;16.5;25.4;26.5;29.4;31.2;22.1;21.3;12.1;6.7;18.6
2002;7;9.1;15.8;17.1;22.3;28.4;29.3;28.7;23.9;18.8;13.9;8.7;18.6
2003;7.1;8;14.5;15.7;26.1;31.4;30.8;33.7;24.3;15.6;12.9;9.2;19.1
2004;5.3;6.7;11.2;16.6;20.3;26;28.7;28.9;24.3;18.8;13.7;10.6;17.6
2005;6.9;7.4;12.6;16.3;23.4;27.9;29.1;26.3;24.3;17.8;11.3;7.3;17.6
2006;6.7;8.1;10.5;17.7;22;28;32.3;25.4;25.7;20.6;13.9;10;18.4
2007;9;11.5;14.7;22.5;24.7;27.2;31;28.3;23.6;18.3;12.3;8.6;19.3
2008;9;9.5;12.2;17;23.2;27.1;29.5;30;23.5;20.3;12.8;8.5;18.6
2009;7.2;9.1;13.2;19.7;25.7;26.8;29.4;31.2;26.4;19.6;12.6;7.8;19.1
2010;5.7;8.5;12.2;19;21.8;26.9;30.3;27.9;23.3;17.6;12.2;6.3;17.6
2011;6.1;10.2;13.5;21.6;25.7;27;28.2;31.7;28.3;19.7;14.5;9.8;19.7
2012;8.6;7.5;18.3;16.9;23.1;28.3;31.3;32.3;25.3;19.5;14.2;7.9;19.4
2013;8;8.3;11.1;17.7;20.6;26.9;31.3;29.9;24.6;18.5;13.7;10.6;18.4
2014;9.6;11.2;16.5;19.5;22.7;27.4;27.2;26.4;24.2;21;15.2;9.9;19.2
2015;9.7;10.2;14.4;18.6;23.3;28.1;32.6;30.6;24.6;18.8;13.9;10;19.6
2016;8.1;10.6;13.8;18.9;21.7;26.6;31;29.2;27.1;18.1;12.6;10.8;19
2017;6.3;10.1;16.9;18.7;23.4;28.9;30;31.6;22.1;19.6;12.8;8.1;19
2018;9.8;7.1;11;21.7;25.1;28.3;30.3;31.4;26.8;20.6;14.1;9.1;19.6
2019;7.4;12.6;15.8;17.4;18.5;30.3;30.3;30.1;24.8;20.2;13.4;10.4;19.3
2020;10.1;12.3;13.6;20.7;23;25.5;29.2;29.9;25.8;18;14.3;9.3;19.3
2021;7.3;11.5;14.3;16.3;20.3;29.6;30.5;29.2;26.1;19.2;13.3;9.1;18.9
2022;9;11.8;13.9;16.6;25.3;30.6;33;31.1;24.1;22.8;15;9.4;20.2
2023;9.2;10.4;15.1;16.9;22.3;28.3;29.9;30.1;27.3;21.7;14.1;11.1;19.7
2024;9.2;13;14.8;19.4;21.9;27;31.4;32.2;24.5;19.5;14.3;10.5;19.8
Medio mensile;7.8;9.6;13.7;17.9;22.8;27.5;29.9;29.6;24.6;19.1;13.1;8.8;18.7
;;;;;;;;;;;;;
Il valore mensile è il valore medio delle massime giornaliere del mese.;;;;;;;;;;;;;
Il valore medio mensile è il valore medio dei valori mensili.;;;;;;;;;;;;;
Il valore medio annuale è il valore medio dei valori mensili dell'anno.;;;;;;;;;;;;;
Con valore >> il dato non è disponibile;;;;;;;;;;;;;
;;;;;;;;;;;;;
;;;;;;;;;;;;;
Tabella dei giorni assenti;;;;;;;;;;;;;
;;;;;;;;;;;;;
Anno;GEN;FEB;MAR;APR;MAG;GIU;LUG;AGO;SET;OTT;NOV;DIC;
1994;0;0;0;0;0;0;0;0;0;0;0;0;
1995;0;0;0;0;0;0;0;0;0;0;0;0;
1996;0;0;0;0;0;0;0;0;0;0;0;0;
1997;0;2;0;0;0;0;0;0;0;0;0;0;
1998;0;0;0;0;0;0;0;0;0;0;0;0;
1999;0;0;0;0;0;0;0;0;0;0;0;0;
2000;0;0;0;0;0;0;0;0;0;0;0;0;
2001;0;0;0;0;0;0;0;0;0;0;0;0;
2002;0;0;0;0;0;0;0;0;0;0;0;0;
2003;0;0;0;0;0;0;0;0;0;0;0;0;
2004;0;0;0;0;0;0;0;0;0;0;0;0;
2005;0;0;0;0;0;0;0;0;0;0;0;0;
2006;0;0;0;0;0;0;0;0;0;0;0;0;
2007;0;0;0;0;0;0;0;0;0;0;0;0;
2008;0;0;0;0;0;0;0;0;0;0;0;0;
2009;0;0;0;0;0;0;0;0;0;0;0;0;
2010;0;0;0;0;0;0;0;0;0;0;0;0;
2011;0;3;0;0;0;0;0;0;0;0;0;0;
2012;0;0;0;0;0;0;0;0;0;0;0;0;
2013;0;0;0;0;0;0;0;0;0;0;0;0;
2014;0;0;0;0;0;0;0;0;0;0;0;0;
2015;0;0;0;0;0;0;0;0;0;0;0;0;
2016;0;0;0;0;0;0;0;0;0;0;0;0;
2017;0;0;0;0;0;0;0;0;0;0;0;0;
2018;0;0;0;0;0;0;0;0;0;0;0;0;
2019;0;0;0;0;0;0;0;0;0;0;0;0;
2020;0;0;0;0;0;0;2;0;0;0;0;0;
2021;0;0;0;0;0;0;0;0;0;0;0;0;
2022;0;0;0;0;0;0;0;0;0;0;0;0;
2023;0;0;0;0;0;0;0;0;0;0;0;0;
2024;0;0;0;0;0;0;0;0;0;0;0;0;
;;;;;;;;;;;;;
Bollettino elaborato il 5 marzo 2025;;;;;;;;;;;;;
;;;;;;;;;;;;;
;;;;;;;;;;;;;
;;;;;;;;;;;;;
ARPAV Centro Meteorologico di Teolo;;;;;;;;;;;;;
;;;;;;;;;;;;;
Bollettino dei valori minimi mensili pluriennali;;;;;;;;;;;;;
;;;;;;;;;;;;;
Stazione Volpago del Montello;;;;;;;;;;;;;
Coordinata X 1742010 Gauss-Boaga fuso;;;;;;;;;;;;;
Coordinata Y 5074899 Ovest (EPSG:3003);;;;;;;;;;;;;
Quota della stazione 122 m s.l.m.;;;;;;;;;;;;;
Parametro Umidità relativa a 2m (%) minima delle minime;;;;;;;;;;;;;
Valori dal 1 gennaio 1994 al 31 dicembre 2024;;;;;;;;;;;;;
;;;;;;;;;;;;;
Anno;GEN;FEB;MAR;APR;MAG;GIU;LUG;AGO;SET;OTT;NOV;DIC;Medio
;;;;;;;;;;;;;annuale
1994;5;19;4;22;22;9;16;19;32;27;44;32;21
1995;10;30;6;7;23;37;30;32;38;23;11;44;24
1996;40;31;16;21;19;29;31;38;24;40;39;29;30
1997;34;14;14;14;28;39;29;28;17;20;36;38;26
1998;15;15;5;32;21;31;24;23;25;20;23;7;20
1999;7;5;15;25;30;17;24;33;25;34;32;24;23
2000;25;18;12;21;22;27;27;11;18;32;19;36;22
2001;37;19;38;11;10;23;32;28;12;34;10;9;22
2002;11;10;8;19;25;21;25;23;13;16;36;42;21
2003;26;9;13;16;16;18;26;20;23;14;34;10;19
2004;19;18;28;29;26;31;30;32;32;38;11;15;26
2005;17;10;18;20;20;21;27;19;34;34;25;9;21
2006;23;15;9;23;21;24;19;22;27;27;8;27;20
2007;32;29;22;19;21;21;21;23;18;24;9;22;22
2008;20;13;12;19;22;32;23;30;30;26;11;32;22
2009;14;14;12;18;25;25;29;26;23;14;38;33;23
2010;22;25;24;22;23;31;27;35;23;26;32;22;26
2011;23;20;24;10;18;32;29;19;25;21;28;21;22
2012;12;13;20;28;21;30;27;26;25;27;40;21;24
2013;45;13;14;34;31;28;29;26;38;32;11;30;28
2014;42;36;21;13;14;32;34;38;34;15;42;23;29
2015;12;24;10;8;26;25;25;19;25;29;29;38;22
2016;12;18;22;29;21;38;32;32;36;34;32;20;27
2017;11;31;8;16;36;38;33;31;34;29;31;25;27
2018;17;23;32;28;36;32;36;30;22;32;37;14;28
2019;10;19;10;25;36;18;33;38;30;38;44;29;28
2020;27;12;21;12;27;31;37;32;32;37;30;38;28
2021;30;19;13;9;30;32;25;35;33;32;40;27;27
2022;29;14;16;23;34;31;26;27;21;43;29;34;27
2023;32;25;15;27;35;39;41;31;35;41;16;40;31
2024;32;44;36;29;39;42;36;31;29;37;24;18;33
Medio mensile;22;20;17;20;25;29;28;28;27;29;27;26;25
;;;;;;;;;;;;;
Il valore mensile è il valore minimo delle minime giornaliere del mese.;;;;;;;;;;;;;
Il valore medio mensile è il valore medio dei valori mensili.;;;;;;;;;;;;;
Il valore medio annuale è il valore medio dei valori mensili dell'anno.;;;;;;;;;;;;;
Con valore >> il dato non è disponibile;;;;;;;;;;;;;
;;;;;;;;;;;;;
;;;;;;;;;;;;;
Tabella dei giorni assenti;;;;;;;;;;;;;
;;;;;;;;;;;;;
Anno;GEN;FEB;MAR;APR;MAG;GIU;LUG;AGO;SET;OTT;NOV;DIC;
1994;0;0;0;0;0;0;0;0;0;9;0;0;
1995;0;0;0;0;0;0;0;0;0;0;17;7;
1996;3;0;0;0;0;0;0;0;0;0;0;0;
1997;0;0;0;0;0;0;12;0;0;0;0;0;
1998;0;0;0;0;0;0;0;0;0;0;0;0;
1999;0;0;0;0;0;0;0;0;0;0;0;0;
2000;0;0;0;0;0;0;0;0;0;0;0;0;
2001;0;0;0;0;0;0;0;0;0;0;0;0;
2002;0;0;0;0;0;0;0;0;0;0;0;0;
2003;0;0;0;0;0;0;0;3;0;0;0;0;
2004;0;0;0;0;0;0;0;0;0;2;0;0;
2005;0;0;0;0;0;0;0;0;0;0;0;0;
2006;0;0;0;0;0;0;0;0;0;0;0;0;
2007;0;0;0;0;0;0;0;0;0;0;0;0;
2008;0;0;0;0;0;0;0;0;0;0;0;0;
2009;0;0;0;0;0;0;0;0;0;0;0;0;
2010;0;0;0;0;0;0;0;0;0;0;0;0;
2011;0;0;0;0;0;0;0;0;0;0;0;0;
2012;0;0;0;0;0;0;0;0;0;0;0;0;
2013;0;0;0;0;0;0;0;0;0;0;0;0;
2014;0;0;0;0;0;0;0;0;0;0;0;0;
2015;0;0;0;0;0;0;0;0;0;0;0;0;
2016;0;0;0;0;0;0;0;0;0;0;0;0;
2017;0;0;0;0;0;0;0;0;0;0;0;0;
2018;0;0;0;0;0;0;0;0;0;0;0;0;
2019;0;0;0;0;0;0;0;0;0;0;0;0;
2020;0;0;0;0;0;0;2;0;0;0;0;0;
2021;0;0;0;0;0;0;0;0;0;0;0;0;
2022;0;0;0;0;0;0;0;0;0;0;0;0;
2023;0;0;0;0;0;0;0;0;0;4;0;0;
2024;0;0;0;0;0;0;0;0;0;0;0;0;
;;;;;;;;;;;;;
Bollettino elaborato il 5 marzo 2025;;;;;;;;;;;;;
;;;;;;;;;;;;;
;;;;;;;;;;;;;
;;;;;;;;;;;;;
ARPAV Centro Meteorologico di Teolo;;;;;;;;;;;;;
;;;;;;;;;;;;;
Bollettino dei valori massimi mensili pluriennali;;;;;;;;;;;;;
;;;;;;;;;;;;;
Stazione Volpago del Montello;;;;;;;;;;;;;
Coordinata X 1742010 Gauss-Boaga fuso;;;;;;;;;;;;;
Coordinata Y 5074899 Ovest (EPSG:3003);;;;;;;;;;;;;
Quota della stazione 122 m s.l.m.;;;;;;;;;;;;;
Parametro Umidità relativa a 2m (%) massima delle massime;;;;;;;;;;;;;
Valori dal 1 gennaio 1994 al 31 dicembre 2024;;;;;;;;;;;;;
;;;;;;;;;;;;;
Anno;GEN;FEB;MAR;APR;MAG;GIU;LUG;AGO;SET;OTT;NOV;DIC;Medio
;;;;;;;;;;;;;annuale
1994;100;100;100;100;100;100;100;100;100;100;99;100;100
1995;100;100;98;100;100;100;100;100;100;100;100;100;100
1996;100;100;99;100;100;100;100;100;100;100;100;100;100
1997;100;100;100;100;100;100;100;99;100;100;100;100;100
1998;100;94;96;100;97;100;100;98;100;100;100;98;99
1999;100;99;100;100;100;100;100;100;100;100;100;100;100
2000;100;100;100;100;100;100;100;100;100;100;100;100;100
2001;100;100;100;100;100;100;100;100;100;100;100;100;100
2002;100;100;100;100;100;100;100;100;100;100;100;100;100
2003;99;93;99;100;100;100;100;100;99;99;99;99;99
2004;97;98;98;100;99;98;99;98;97;99;96;96;98
2005;94;94;98;98;96;98;97;99;98;100;99;99;98
2006;96;98;99;97;100;98;98;100;100;100;100;100;99
2007;100;100;100;99;100;100;100;100;100;100;100;100;100
2008;100;100;100;100;100;100;100;100;100;100;100;100;100
2009;100;100;100;100;100;100;100;100;100;100;100;100;100
2010;100;100;100;100;100;98;96;96;98;98;100;98;99
2011;98;94;96;94;100;100;100;100;100;100;100;100;98
2012;100;100;100;100;100;100;100;100;100;100;100;100;100
2013;100;100;100;100;100;100;100;100;100;100;100;100;100
2014;100;100;100;100;100;100;100;100;100;100;100;98;100
2015;99;94;96;100;100;100;100;100;100;100;100;100;99
2016;100;100;100;100;100;100;100;100;100;100;100;100;100
2017;100;100;100;100;100;100;100;100;100;100;100;100;100
2018;100;100;100;100;100;100;100;100;100;100;100;100;100
2019;100;100;100;100;100;100;100;100;100;100;100;100;100
2020;100;100;100;100;100;100;100;100;100;100;100;100;100
2021;100;100;100;100;100;100;100;100;100;100;100;100;100
2022;100;100;100;100;100;100;100;100;100;100;100;100;100
2023;100;100;100;100;100;100;100;100;100;100;100;100;100
2024;100;100;100;100;100;100;100;100;100;100;100;100;100
Medio mensile;99;99;99;100;100;100;100;100;100;100;100;100;100
;;;;;;;;;;;;;
Il valore mensile è il valore massimo delle massime giornaliere del mese.;;;;;;;;;;;;;
Il valore medio mensile è il valore medio dei valori mensili.;;;;;;;;;;;;;
Il valore medio annuale è il valore medio dei valori mensili dell'anno.;;;;;;;;;;;;;
Con valore >> il dato non è disponibile;;;;;;;;;;;;;
;;;;;;;;;;;;;
;;;;;;;;;;;;;
Tabella dei giorni assenti;;;;;;;;;;;;;
;;;;;;;;;;;;;
Anno;GEN;FEB;MAR;APR;MAG;GIU;LUG;AGO;SET;OTT;NOV;DIC;
1994;0;0;0;0;0;0;0;0;0;9;0;0;
1995;0;0;0;0;0;0;0;0;0;0;17;7;
1996;3;0;0;0;0;0;0;0;0;0;0;0;
1997;0;0;0;0;0;0;12;0;0;0;0;0;
1998;0;0;0;0;0;0;0;0;0;0;0;0;
1999;0;0;0;0;0;0;0;0;0;0;0;0;
2000;0;0;0;0;0;0;0;0;0;0;0;0;
2001;0;0;0;0;0;0;0;0;0;0;0;0;
2002;0;0;0;0;0;0;0;0;0;0;0;0;
2003;0;0;0;0;0;0;0;3;0;0;0;0;
2004;0;0;0;0;0;0;0;0;0;2;0;0;
2005;0;0;0;0;0;0;0;0;0;0;0;0;
2006;0;0;0;0;0;0;0;0;0;0;0;0;
2007;0;0;0;0;0;0;0;0;0;0;0;0;
2008;0;0;0;0;0;0;0;0;0;0;0;0;
2009;0;0;0;0;0;0;0;0;0;0;0;0;
2010;0;0;0;0;0;0;0;0;0;0;0;0;
2011;0;0;0;0;0;0;0;0;0;0;0;0;
2012;0;0;0;0;0;0;0;0;0;0;0;0;
2013;0;0;0;0;0;0;0;0;0;0;0;0;
2014;0;0;0;0;0;0;0;0;0;0;0;0;
2015;0;0;0;0;0;0;0;0;0;0;0;0;
2016;0;0;0;0;0;0;0;0;0;0;0;0;
2017;0;0;0;0;0;0;0;0;0;0;0;0;
2018;0;0;0;0;0;0;0;0;0;0;0;0;
2019;0;0;0;0;0;0;0;0;0;0;0;0;
2020;0;0;0;0;0;0;2;0;0;0;0;0;
2021;0;0;0;0;0;0;0;0;0;0;0;0;
2022;0;0;0;0;0;0;0;0;0;0;0;0;
2023;0;0;0;0;0;0;0;0;0;4;0;0;
2024;0;0;0;0;0;0;0;0;0;0;0;0;
;;;;;;;;;;;;;
Bollettino elaborato il 5 marzo 2025;;;;;;;;;;;;;
;;;;;;;;;;;;;
;;;;;;;;;;;;;
;;;;;;;;;;;;;
ARPAV Centro Meteorologico di Teolo;;;;;;;;;;;;;
;;;;;;;;;;;;;
Bollettino dei valori medi mensili pluriennali;;;;;;;;;;;;;
;;;;;;;;;;;;;
Stazione Volpago del Montello;;;;;;;;;;;;;
Coordinata X 1742010 Gauss-Boaga fuso;;;;;;;;;;;;;
Coordinata Y 5074899 Ovest (EPSG:3003);;;;;;;;;;;;;
Quota della stazione 122 m s.l.m.;;;;;;;;;;;;;
Parametro Direzione vento prevalente a 2m (SETTORE);;;;;;;;;;;;;
Valori dal 1 gennaio 1994 al 31 dicembre 2024;;;;;;;;;;;;;
;;;;;;;;;;;;;
Anno;GEN;FEB;MAR;APR;MAG;GIU;LUG;AGO;SET;OTT;NOV;DIC;Medio
;;;;;;;;;;;;;annuale
1994;N;N;N;N;N;N;N;N;N;N;N;N;N
1995;N;N;N;N;N;N;N;N;N;N;N;N;N
1996;NE;N;N;N;N;N;N;N;N;N;N;N;N
1997;N;N;N;N;N;N;N;N;N;N;N;N;N
1998;N;N;N;N;N;N;N;N;N;N;N;N;N
1999;N;N;N;N;N;N;N;N;N;N;N;N;N
2000;N;N;N;N;N;N;N;N;N;N;N;N;N
2001;N;N;NE;N;N;NNO;NNO;NNO;NNO;N;N;N;N
2002;N;N;N;N;N;NNO;NNO;NNO;N;N;N;N;N
2003;N;N;N;N;NNO;NNO;NNO;NNO;NNO;N;N;N;N
2004;N;NE;NE;N;NNO;NNO;NNO;NNO;NNO;NNO;NNO;N;NNO
2005;N;N;N;N;NNO;NNO;NNO;NNO;NNO;NNO;NNO;N;NNO
2006;N;N;N;NNO;NNO;NNO;NNO;NNO;NNO;NNO;NNO;NNO;NNO
2007;NNO;NNO;N;NNO;NNO;NNO;NNO;NNO;NNO;NNO;NNO;NNO;NNO
2008;N;NNO;ENE;NNO;NNO;NNO;NNO;NNO;NNO;NNO;NNO;NE;NNO
2009;N;NNO;NE;N;NNO;NNO;NNO;NNO;NNO;NNO;NNO;N;NNO
2010;N;N;ENE;N;NE;NNO;NNO;NNO;NNO;N;N;N;N
2011;N;N;N;N;NNO;N;N;N;N;N;N;N;N
2012;N;N;N;N;N;N;N;N;N;N;N;N;N
2013;N;N;N;N;N;NNO;NNO;N;NNO;N;N;N;N
2014;N;N;N;N;N;N;N;N;N;N;N;N;N
2015;N;N;N;N;N;N;N;N;N;N;N;N;N
2016;N;N;N;N;N;N;NNO;N;NNO;N;N;N;N
2017;N;N;N;N;N;N;N;N;N;N;N;N;N
2018;N;N;ENE;N;N;N;N;N;N;N;N;N;N
2019;N;N;N;N;N;N;N;N;N;N;NE;N;N
2020;N;N;N;N;N;N;N;N;N;N;N;N;N
2021;N;N;N;N;N;N;N;N;N;N;N;>>;N
2022;>>;>>;>>;>>;>>;>>;>>;>>;>>;>>;>>;>>;>>
2023;>>;>>;>>;>>;>>;>>;>>;>>;>>;>>;>>;>>;>>
2024;>>;>>;>>;>>;>>;>>;>>;>>;>>;>>;>>;>>;>>
Medio mensile;N;N;N;N;N;N;N;N;N;N;N;N;N
;;;;;;;;;;;;;
Calcoli effettuati con i dati ogni 10 minuti della direzione.;;;;;;;;;;;;;
La direzione è quella di provenienza del vento, il settore è ampio 22.5 gradi con asse nella direzione indicata.;;;;;;;;;;;;;
Si segnala che, non essendo possibile una perfetta taratura in campo dell'anemoscopio,;;;;;;;;;;;;;
il dato deve essere considerato indicativo.;;;;;;;;;;;;;
Con valore >> il dato non è disponibile;;;;;;;;;;;;;
;;;;;;;;;;;;;
;;;;;;;;;;;;;
Tabella dei giorni assenti;;;;;;;;;;;;;
;;;;;;;;;;;;;
Anno;GEN;FEB;MAR;APR;MAG;GIU;LUG;AGO;SET;OTT;NOV;DIC;
1994;0;0;0;0;0;0;0;0;0;0;0;0;
1995;0;0;0;0;0;0;0;0;0;0;0;0;
1996;0;0;0;0;0;0;0;0;0;6;0;0;
1997;0;0;0;0;0;0;0;0;0;0;0;0;
1998;0;0;0;0;0;0;0;0;0;0;0;0;
1999;0;0;0;0;0;0;0;0;0;0;0;0;
2000;0;0;0;0;0;0;0;0;0;0;0;0;
2001;0;0;0;0;0;0;0;0;0;0;0;0;
2002;0;0;0;0;0;0;0;0;0;0;0;0;
2003;0;0;0;0;0;0;0;0;0;0;0;0;
2004;0;0;0;0;0;0;0;0;0;0;0;0;
2005;0;0;0;0;0;0;0;0;0;0;0;1;
2006;0;0;0;0;0;0;0;0;0;0;0;0;
2007;0;0;0;0;0;0;0;0;0;0;0;0;
2008;0;0;0;0;0;0;0;0;0;0;0;0;
2009;0;0;0;0;0;28;7;0;0;0;0;1;
2010;0;0;0;0;0;0;0;0;0;0;0;0;
2011;0;0;0;0;0;0;0;0;0;0;0;0;
2012;0;0;0;0;0;0;0;0;0;0;0;0;
2013;0;0;0;0;0;0;0;0;0;0;0;0;
2014;0;0;0;0;0;0;0;0;0;0;0;0;
2015;0;0;0;0;0;0;0;0;0;0;0;1;
2016;0;0;0;0;0;0;0;0;0;0;0;0;
2017;0;0;0;0;0;0;0;0;0;0;0;0;
2018;0;0;0;0;0;0;0;0;0;0;0;1;
2019;0;0;0;0;0;0;0;0;0;0;0;0;
2020;0;0;0;0;0;0;1;0;0;0;0;0;
2021;0;0;0;0;0;0;0;0;0;0;19;31;
2022;31;28;31;30;31;30;31;31;30;31;30;31;
2023;31;28;31;30;31;30;31;31;30;31;30;31;
2024;31;29;31;30;31;30;31;31;30;31;30;31;
;;;;;;;;;;;;;
Bollettino elaborato il 5 marzo 2025;;;;;;;;;;;;;
;;;;;;;;;;;;;
;;;;;;;;;;;;;
;;;;;;;;;;;;;
ARPAV Centro Meteorologico di Teolo;;;;;;;;;;;;;
;;;;;;;;;;;;;
Bollettino dei valori medi mensili pluriennali;;;;;;;;;;;;;
;;;;;;;;;;;;;
Stazione Volpago del Montello;;;;;;;;;;;;;
Coordinata X 1742010 Gauss-Boaga fuso;;;;;;;;;;;;;
Coordinata Y 5074899 Ovest (EPSG:3003);;;;;;;;;;;;;
Quota della stazione 122 m s.l.m.;;;;;;;;;;;;;
Parametro Velocità vento 2m media aritm. (m/s) media delle medie;;;;;;;;;;;;;
Valori dal 1 gennaio 1994 al 31 dicembre 2024;;;;;;;;;;;;;
;;;;;;;;;;;;;
Anno;GEN;FEB;MAR;APR;MAG;GIU;LUG;AGO;SET;OTT;NOV;DIC;Medio
;;;;;;;;;;;;;annuale
1994;1.3;1.3;1.2;1.4;1;1;1.1;1;0.9;0.9;0.8;1;1.1
1995;1.3;1.2;1.5;1.4;1.2;1;1;1;1;0.9;1;1.2;1.1
1996;1.3;1.3;1.4;1.3;1.1;1;1;1;0.9;1;1.1;1.1;1.1
1997;1.2;1.1;1.5;1.5;1.2;1;1;1;1;1;0.9;1;1.1
1998;0.9;1.4;1.3;1.3;1.1;1;1;1;0.9;0.9;1;1.1;1.1
1999;1.1;1.2;1.3;1.2;0.9;0.8;0.8;0.7;0.7;0.7;0.9;1;0.9
2000;1.2;1.2;1.3;1.2;0.9;0.7;0.7;0.7;0.7;0.6;0.8;0.8;0.9
2001;0.9;1.3;1.1;1.2;0.9;0.7;0.7;0.7;0.7;0.6;0.9;1.2;0.9
2002;1.1;1.1;1.3;1.3;0.9;0.6;0.7;0.6;0.6;0.6;0.9;0.9;0.9
2003;1.2;1.4;1.2;1.3;0.9;0.6;0.7;0.7;0.6;0.6;0.9;1.3;1
2004;1;1.2;1.2;1.2;0.9;0.7;0.7;0.7;0.7;0.5;1;1;0.9
2005;1.2;1.4;1.3;1.3;1;0.7;0.5;0.6;0.5;0.6;0.7;1.2;0.9
2006;1.3;1.3;1.2;1.3;1;0.7;0.8;0.8;0.7;0.5;0.8;1.2;1
2007;1.2;1.3;1.7;1.4;1;0.7;0.8;0.8;0.8;0.7;1.1;1.4;1.1
2008;1.3;1.5;1.6;1.5;1.1;0.7;0.7;0.7;0.7;0.6;1;1.5;1.1
2009;1.3;1.6;1.7;1.6;1;0.8;0.6;0.6;0.8;0.6;0.7;1.2;1
2010;1.2;1.3;1.5;1.6;1.1;0.8;0.8;0.8;0.9;1;1.1;1.1;1.1
2011;1;1.5;1.7;1.4;1;0.5;0.7;0.8;0.8;0.8;1.1;1.1;1
2012;1.4;1.5;1.6;1.4;1.1;0.8;0.9;0.9;0.9;0.7;1.1;1.1;1.1
2013;1.2;1.5;1.4;1.4;1.1;0.8;0.8;0.8;0.7;0.6;1;1.3;1
2014;1.2;1.5;1.6;1.3;1;0.8;0.7;0.8;0.6;0.7;1;1.2;1
2015;1.5;1.7;1.7;1.6;1;0.8;0.8;0.8;0.8;0.7;0.7;1.1;1.1
2016;1.3;1.5;1.6;1.4;1.1;0.8;0.8;0.8;0.8;0.7;0.8;1.4;1.1
2017;1.6;1.3;1.6;1.5;1.1;0.9;0.9;0.9;0.9;0.8;0.9;1.3;1.1
2018;1.3;1.6;1.4;1.5;1.1;0.9;0.8;0.9;0.9;0.9;0.8;1.1;1.1
2019;1.4;1.6;1.7;1.5;1;1;0.9;0.9;1;0.8;1;1.4;1.2
2020;1.5;1.5;1.6;1.6;1.3;0.9;0.9;0.9;0.9;0.8;1.1;1.3;1.2
2021;1.6;1.4;1.7;1.5;1.3;1;0.9;0.9;0.9;0.9;1;>>;1.2
2022;>>;>>;>>;>>;>>;>>;>>;>>;>>;>>;>>;>>;>>
2023;>>;>>;>>;>>;>>;>>;>>;>>;>>;>>;>>;>>;>>
2024;>>;>>;>>;>>;>>;>>;>>;>>;>>;>>;>>;>>;>>
Medio mensile;1.2;1.4;1.5;1.4;1;0.8;0.8;0.8;0.8;0.7;0.9;1.2;1
;;;;;;;;;;;;;
Il valore mensile è il valore medio del mese.;;;;;;;;;;;;;
Il valore medio mensile è il valore medio dei valori mensili.;;;;;;;;;;;;;
Il valore medio annuale è il valore medio dei valori mensili dell'anno.;;;;;;;;;;;;;
Con valore >> il dato non è disponibile;;;;;;;;;;;;;
;;;;;;;;;;;;;
;;;;;;;;;;;;;
Tabella dei giorni assenti;;;;;;;;;;;;;
;;;;;;;;;;;;;
Anno;GEN;FEB;MAR;APR;MAG;GIU;LUG;AGO;SET;OTT;NOV;DIC;
1994;0;0;0;0;0;0;0;0;0;0;0;0;
1995;0;0;0;0;0;0;0;0;0;0;0;0;
1996;0;0;0;0;0;0;0;0;0;0;0;0;
1997;0;0;0;0;0;0;0;0;0;0;0;0;
1998;0;0;0;0;0;0;0;0;0;0;0;0;
1999;0;0;0;0;0;0;0;0;0;0;0;0;
2000;0;0;0;0;0;0;0;0;0;0;0;0;
2001;0;0;0;0;0;0;0;0;0;0;0;0;
2002;0;0;0;0;0;0;0;0;0;0;0;0;
2003;0;0;0;0;0;0;0;0;0;0;0;0;
2004;0;1;0;0;0;0;0;0;0;0;0;0;
2005;0;1;0;0;0;0;0;0;0;0;0;0;
2006;0;0;0;0;0;0;0;0;0;0;0;0;
2007;0;0;0;0;0;0;0;0;0;0;0;0;
2008;0;0;0;0;0;0;0;0;0;0;0;0;
2009;1;0;0;0;0;0;0;0;0;0;0;0;
2010;0;0;0;0;0;0;0;0;0;0;0;0;
2011;0;0;0;0;0;0;0;0;0;0;0;0;
2012;0;0;0;0;0;0;0;0;0;0;0;0;
2013;0;0;0;0;0;0;0;0;0;0;0;0;
2014;0;0;0;0;0;0;0;0;0;0;0;0;
2015;0;0;0;0;0;0;0;0;0;0;0;1;
2016;0;0;0;0;0;0;0;0;0;0;0;0;
2017;0;0;0;0;0;0;0;0;0;0;0;0;
2018;0;0;0;0;0;0;0;0;0;0;0;1;
2019;0;0;0;0;0;0;0;0;0;0;0;0;
2020;0;0;0;0;0;0;2;0;0;0;0;0;
2021;0;0;0;0;0;0;0;0;0;0;19;31;
2022;31;28;31;30;31;30;31;31;30;31;30;31;
2023;31;28;31;30;31;30;31;31;30;31;30;31;
2024;31;29;31;30;31;30;31;31;30;31;30;31;
;;;;;;;;;;;;;
Bollettino elaborato il 5 marzo 2025;;;;;;;;;;;;;
;;;;;;;;;;;;;
;;;;;;;;;;;;;
;;;;;;;;;;;;;
ARPAV Centro Meteorologico di Teolo;;;;;;;;;;;;;
;;;;;;;;;;;;;
Bollettino dei valori medi mensili pluriennali;;;;;;;;;;;;;
;;;;;;;;;;;;;
Stazione Volpago del Montello;;;;;;;;;;;;;
Coordinata X 1742010 Gauss-Boaga fuso;;;;;;;;;;;;;
Coordinata Y 5074899 Ovest (EPSG:3003);;;;;;;;;;;;;
Quota della stazione 122 m s.l.m.;;;;;;;;;;;;;
Parametro Direzione vento prevalente a 5m (SETTORE);;;;;;;;;;;;;
Valori dal 1 gennaio 1994 al 31 dicembre 2024;;;;;;;;;;;;;
;;;;;;;;;;;;;
Anno;GEN;FEB;MAR;APR;MAG;GIU;LUG;AGO;SET;OTT;NOV;DIC;Medio
;;;;;;;;;;;;;annuale
1994;>>;>>;>>;>>;>>;>>;>>;>>;>>;>>;>>;>>;>>
1995;>>;>>;>>;>>;>>;>>;>>;>>;>>;>>;>>;>>;>>
1996;>>;>>;>>;>>;>>;>>;>>;>>;>>;>>;>>;>>;>>
1997;>>;>>;>>;>>;>>;>>;>>;>>;>>;>>;>>;>>;>>
1998;>>;>>;>>;>>;>>;>>;>>;>>;>>;>>;>>;>>;>>
1999;>>;>>;>>;>>;>>;>>;>>;>>;>>;>>;>>;>>;>>
2000;>>;>>;>>;>>;>>;>>;>>;>>;>>;>>;>>;>>;>>
2001;>>;>>;>>;>>;>>;>>;>>;>>;>>;>>;>>;>>;>>
2002;>>;>>;>>;>>;>>;>>;>>;>>;>>;>>;>>;>>;>>
2003;>>;>>;>>;>>;>>;>>;>>;>>;>>;>>;>>;>>;>>
2004;>>;>>;>>;>>;>>;>>;>>;>>;>>;>>;>>;>>;>>
2005;>>;>>;>>;>>;>>;>>;>>;>>;>>;>>;>>;>>;>>
2006;>>;>>;>>;>>;>>;>>;>>;>>;>>;>>;>>;>>;>>
2007;>>;>>;>>;>>;>>;>>;>>;>>;>>;>>;>>;>>;>>
2008;>>;>>;>>;>>;>>;>>;>>;>>;>>;>>;>>;>>;>>
2009;>>;>>;>>;>>;>>;>>;>>;>>;>>;>>;>>;>>;>>
2010;>>;>>;>>;>>;>>;>>;>>;>>;>>;>>;>>;>>;>>
2011;>>;>>;>>;>>;>>;>>;>>;>>;>>;>>;>>;>>;>>
2012;>>;>>;>>;>>;>>;>>;>>;>>;>>;>>;>>;>>;>>
2013;>>;>>;>>;>>;>>;>>;>>;>>;>>;>>;>>;>>;>>
2014;>>;>>;>>;>>;>>;>>;>>;>>;>>;>>;>>;>>;>>
2015;>>;>>;>>;>>;>>;>>;>>;>>;>>;>>;>>;>>;>>
2016;>>;>>;>>;>>;>>;>>;>>;>>;>>;>>;>>;>>;>>
2017;>>;>>;>>;>>;>>;>>;>>;>>;>>;>>;>>;>>;>>
2018;>>;>>;>>;>>;>>;>>;>>;>>;>>;>>;>>;>>;>>
2019;>>;>>;>>;>>;>>;>>;>>;>>;>>;>>;>>;>>;>>
2020;>>;>>;>>;>>;>>;>>;>>;>>;>>;>>;>>;>>;>>
2021;>>;>>;>>;>>;>>;>>;>>;>>;>>;>>;NE;N;N
2022;N;N;N;NE;N;N;N;N;N;N;N;N;N
2023;N;N;NE;N;N;N;N;N;N;N;N;NNO;N
2024;NNO;NNO;NE;N;N;N;N;NNO;N;NNO;NNO;NNO;NNO
Medio mensile;N;NNO;NE;N;N;N;N;N;N;N;N;N;N
;;;;;;;;;;;;;
Calcoli effettuati con i dati ogni 10 minuti della direzione.;;;;;;;;;;;;;
La direzione è quella di provenienza del vento, il settore è ampio 22.5 gradi con asse nella direzione indicata.;;;;;;;;;;;;;
Si segnala che, non essendo possibile una perfetta taratura in campo dell'anemoscopio,;;;;;;;;;;;;;
il dato deve essere considerato indicativo.;;;;;;;;;;;;;
Con valore >> il dato non è disponibile;;;;;;;;;;;;;
;;;;;;;;;;;;;
;;;;;;;;;;;;;
Tabella dei giorni assenti;;;;;;;;;;;;;
;;;;;;;;;;;;;
Anno;GEN;FEB;MAR;APR;MAG;GIU;LUG;AGO;SET;OTT;NOV;DIC;
1994;31;28;31;30;31;30;31;31;30;31;30;31;
1995;31;28;31;30;31;30;31;31;30;31;30;31;
1996;31;29;31;30;31;30;31;31;30;31;30;31;
1997;31;28;31;30;31;30;31;31;30;31;30;31;
1998;31;28;31;30;31;30;31;31;30;31;30;31;
1999;31;28;31;30;31;30;31;31;30;31;30;31;
2000;31;29;31;30;31;30;31;31;30;31;30;31;
2001;31;28;31;30;31;30;31;31;30;31;30;31;
2002;31;28;31;30;31;30;31;31;30;31;30;31;
2003;31;28;31;30;31;30;31;31;30;31;30;31;
2004;31;29;31;30;31;30;31;31;30;31;30;31;
2005;31;28;31;30;31;30;31;31;30;31;30;31;
2006;31;28;31;30;31;30;31;31;30;31;30;31;
2007;31;28;31;30;31;30;31;31;30;31;30;31;
2008;31;29;31;30;31;30;31;31;30;31;30;31;
2009;31;28;31;30;31;30;31;31;30;31;30;31;
2010;31;28;31;30;31;30;31;31;30;31;30;31;
2011;31;28;31;30;31;30;31;31;30;31;30;31;
2012;31;29;31;30;31;30;31;31;30;31;30;31;
2013;31;28;31;30;31;30;31;31;30;31;30;31;
2014;31;28;31;30;31;30;31;31;30;31;30;31;
2015;31;28;31;30;31;30;31;31;30;31;30;31;
2016;31;29;31;30;31;30;31;31;30;31;30;31;
2017;31;28;31;30;31;30;31;31;30;31;30;31;
2018;31;28;31;30;31;30;31;31;30;31;30;31;
2019;31;28;31;30;31;30;31;31;30;31;30;31;
2020;31;29;31;30;31;30;31;31;30;31;30;31;
2021;31;28;31;30;31;30;31;31;30;31;11;0;
2022;0;0;0;0;0;0;0;0;0;0;0;0;
2023;0;0;0;0;0;0;0;0;0;0;0;0;
2024;0;0;0;0;0;0;0;0;0;0;0;1;
;;;;;;;;;;;;;
Bollettino elaborato il 5 marzo 2025;;;;;;;;;;;;;
;;;;;;;;;;;;;
;;;;;;;;;;;;;
;;;;;;;;;;;;;
ARPAV Centro Meteorologico di Teolo;;;;;;;;;;;;;
;;;;;;;;;;;;;
Bollettino dei valori medi mensili pluriennali;;;;;;;;;;;;;
;;;;;;;;;;;;;
Stazione Volpago del Montello;;;;;;;;;;;;;
Coordinata X 1742010 Gauss-Boaga fuso;;;;;;;;;;;;;
Coordinata Y 5074899 Ovest (EPSG:3003);;;;;;;;;;;;;
Quota della stazione 122 m s.l.m.;;;;;;;;;;;;;
Parametro Velocità vento 5m media aritm. (m/s) media delle medie;;;;;;;;;;;;;
Valori dal 1 gennaio 1994 al 31 dicembre 2024;;;;;;;;;;;;;
;;;;;;;;;;;;;
Anno;GEN;FEB;MAR;APR;MAG;GIU;LUG;AGO;SET;OTT;NOV;DIC;Medio
;;;;;;;;;;;;;annuale
1994;>>;>>;>>;>>;>>;>>;>>;>>;>>;>>;>>;>>;>>
1995;>>;>>;>>;>>;>>;>>;>>;>>;>>;>>;>>;>>;>>
1996;>>;>>;>>;>>;>>;>>;>>;>>;>>;>>;>>;>>;>>
1997;>>;>>;>>;>>;>>;>>;>>;>>;>>;>>;>>;>>;>>
1998;>>;>>;>>;>>;>>;>>;>>;>>;>>;>>;>>;>>;>>
1999;>>;>>;>>;>>;>>;>>;>>;>>;>>;>>;>>;>>;>>
2000;>>;>>;>>;>>;>>;>>;>>;>>;>>;>>;>>;>>;>>
2001;>>;>>;>>;>>;>>;>>;>>;>>;>>;>>;>>;>>;>>
2002;>>;>>;>>;>>;>>;>>;>>;>>;>>;>>;>>;>>;>>
2003;>>;>>;>>;>>;>>;>>;>>;>>;>>;>>;>>;>>;>>
2004;>>;>>;>>;>>;>>;>>;>>;>>;>>;>>;>>;>>;>>
2005;>>;>>;>>;>>;>>;>>;>>;>>;>>;>>;>>;>>;>>
2006;>>;>>;>>;>>;>>;>>;>>;>>;>>;>>;>>;>>;>>
2007;>>;>>;>>;>>;>>;>>;>>;>>;>>;>>;>>;>>;>>
2008;>>;>>;>>;>>;>>;>>;>>;>>;>>;>>;>>;>>;>>
2009;>>;>>;>>;>>;>>;>>;>>;>>;>>;>>;>>;>>;>>
2010;>>;>>;>>;>>;>>;>>;>>;>>;>>;>>;>>;>>;>>
2011;>>;>>;>>;>>;>>;>>;>>;>>;>>;>>;>>;>>;>>
2012;>>;>>;>>;>>;>>;>>;>>;>>;>>;>>;>>;>>;>>
2013;>>;>>;>>;>>;>>;>>;>>;>>;>>;>>;>>;>>;>>
2014;>>;>>;>>;>>;>>;>>;>>;>>;>>;>>;>>;>>;>>
2015;>>;>>;>>;>>;>>;>>;>>;>>;>>;>>;>>;>>;>>
2016;>>;>>;>>;>>;>>;>>;>>;>>;>>;>>;>>;>>;>>
2017;>>;>>;>>;>>;>>;>>;>>;>>;>>;>>;>>;>>;>>
2018;>>;>>;>>;>>;>>;>>;>>;>>;>>;>>;>>;>>;>>
2019;>>;>>;>>;>>;>>;>>;>>;>>;>>;>>;>>;>>;>>
2020;>>;>>;>>;>>;>>;>>;>>;>>;>>;>>;>>;>>;>>
2021;>>;>>;>>;>>;>>;>>;>>;>>;>>;>>;1.5;1.4;1.4
2022;1.4;1.7;1.8;1.8;1.8;1.8;1.9;1.8;1.7;1.6;1.6;1.4;1.7
2023;1.4;1.6;1.7;1.8;1.9;1.6;1.7;1.7;2;1.8;1.9;1.6;1.7
2024;1.9;1.9;2;2.1;1.9;1.9;1.9;1.8;2;1.9;1.9;2;1.9
Medio mensile;1.6;1.7;1.8;1.9;1.9;1.8;1.8;1.8;1.9;1.8;1.7;1.6;1.7
;;;;;;;;;;;;;
Il valore mensile è il valore medio del mese.;;;;;;;;;;;;;
Il valore medio mensile è il valore medio dei valori mensili.;;;;;;;;;;;;;
Il valore medio annuale è il valore medio dei valori mensili dell'anno.;;;;;;;;;;;;;
Con valore >> il dato non è disponibile;;;;;;;;;;;;;
;;;;;;;;;;;;;
;;;;;;;;;;;;;
Tabella dei giorni assenti;;;;;;;;;;;;;
;;;;;;;;;;;;;
Anno;GEN;FEB;MAR;APR;MAG;GIU;LUG;AGO;SET;OTT;NOV;DIC;
1994;31;28;31;30;31;30;31;31;30;31;30;31;
1995;31;28;31;30;31;30;31;31;30;31;30;31;
1996;31;29;31;30;31;30;31;31;30;31;30;31;
1997;31;28;31;30;31;30;31;31;30;31;30;31;
1998;31;28;31;30;31;30;31;31;30;31;30;31;
1999;31;28;31;30;31;30;31;31;30;31;30;31;
2000;31;29;31;30;31;30;31;31;30;31;30;31;
2001;31;28;31;30;31;30;31;31;30;31;30;31;
2002;31;28;31;30;31;30;31;31;30;31;30;31;
2003;31;28;31;30;31;30;31;31;30;31;30;31;
2004;31;29;31;30;31;30;31;31;30;31;30;31;
2005;31;28;31;30;31;30;31;31;30;31;30;31;
2006;31;28;31;30;31;30;31;31;30;31;30;31;
2007;31;28;31;30;31;30;31;31;30;31;30;31;
2008;31;29;31;30;31;30;31;31;30;31;30;31;
2009;31;28;31;30;31;30;31;31;30;31;30;31;
2010;31;28;31;30;31;30;31;31;30;31;30;31;
2011;31;28;31;30;31;30;31;31;30;31;30;31;
2012;31;29;31;30;31;30;31;31;30;31;30;31;
2013;31;28;31;30;31;30;31;31;30;31;30;31;
2014;31;28;31;30;31;30;31;31;30;31;30;31;
2015;31;28;31;30;31;30;31;31;30;31;30;31;
2016;31;29;31;30;31;30;31;31;30;31;30;31;
2017;31;28;31;30;31;30;31;31;30;31;30;31;
2018;31;28;31;30;31;30;31;31;30;31;30;31;
2019;31;28;31;30;31;30;31;31;30;31;30;31;
2020;31;29;31;30;31;30;31;31;30;31;30;31;
2021;31;28;31;30;31;30;31;31;30;31;11;0;
2022;0;0;0;1;0;0;0;0;0;0;0;0;
2023;0;0;0;0;0;0;0;0;0;0;0;0;
2024;0;0;0;0;0;0;0;0;0;0;0;0;
;;;;;;;;;;;;;
Bollettino elaborato il 5 marzo 2025;;;;;;;;;;;;;
